(0.056187754847529733,-1.7307895320830174e-06)
(0.056187754527501708,-9.1203604085888195e-06)
(0.056187752853586091,-2.2418574805299683e-05)
(0.056187747941039048,-4.1634915642089339e-05)
(0.05618773706130966,-6.6779183257105961e-05)
(0.056187716635345011,-9.7863816960473454e-05)
(0.056187682224795039,-0.00013490412071113175)
(0.056187628521100132,-0.00017791831354131138)
(0.056187549332431037,-0.0002269275520422504)
(0.056187437568447456,-0.00028195594748584881)
(0.056187285222835795,-0.00034303058256751401)
(0.056187083353571025,-0.00041018152915322452)
(0.056186822060857476,-0.0004834418674716121)
(0.05618649046268237,-0.00056284770689736204)
(0.056186076667920255,-0.00064843820836490713)
(0.056185567746910463,-0.00074025560840682556)
(0.056184949699431087,-0.0008383452447887805)
(0.056184207419979731,-0.00094275558370007881)
(0.056183324660271816,-0.0010535382484486188)
(0.056182283988847614,-0.0011707480496011564)
(0.056181066747683306,-0.0012944430165011884)
(0.056179653005689799,-0.0014246844300892225)
(0.056178021508968785,-0.0015615368569405557)
(0.056176149627699359,-0.0017050681844277325)
(0.056174013299504937,-0.0018553496569036307)
(0.056171586969157271,-0.0020124559127914707)
(0.05616884352444932,-0.0021764650224553946)
(0.056165754228073107,-0.0023474585267142904)
(0.056162288645321287,-0.0025255214758462975)
(0.056158414567418991,-0.0027107424689186118)
(0.056154097930295424,-0.0029032136932601502)
(0.056149302728574886,-0.00310303096387923)
(0.056143990924575185,-0.0033102937626096444)
(0.056138122352081071,-0.0035251052767494573)
(0.056131654614646344,-0.0037475724369361854)
(0.056124542978183159,-0.0039778059539810305)
(0.056116740257565759,-0.004215920354360002)
(0.056108196696986648,-0.0044620340140358343)
(0.056098859843774912,-0.0047162691902586538)
(0.056088674415390248,-0.0049787520509642254)
(0.056077582159295633,-0.0052496127013595831)
(0.056065521705392592,-0.0055289852072553094)
(0.056052428410710911,-0.0058170076146693787)
(0.056038234196037075,-0.006113821965193421)
(0.056022867374144081,-0.0064195743065759217)
(0.056006252469309306,-0.0067344146979381996)
(0.055988310027792539,-0.0070584972089974135)
(0.055968956418942138,-0.0073919799126313359)
(0.055948103626628519,-0.0077350248700719122)
(0.055925659030679045,-0.0080877981079703221)
(0.055901525178038154,-0.0084504695865263504)
(0.055875599543364539,-0.0088232131578244704)
(0.055847774278821656,-0.0092062065134647549)
(0.055817935952837565,-0.0095996311205195188)
(0.05578596527764957,-0.010003672144789286)
(0.055751736825496973,-0.010418518360267017)
(0.055715118733373613,-0.010844362043653992)
(0.055675972396315256,-0.011281398852700261)
(0.055634152149280323,-0.01172982768706716)
(0.055589504937745879,-0.012189850530329976)
(0.055541869977268163,-0.012661672271652684)
(0.055491078402333478,-0.013145500505571618)
(0.055436952904983954,-0.013641545308229785)
(0.055379307363818672,-0.014150018988287633)
(0.055317946464139442,-0.01467113581062118)
(0.055252665310182046,-0.015205111690792647)
(0.055183249030570494,-0.01575216385812394)
(0.055109472378333038,-0.016312510485063176)
(0.055031099327059678,-0.016886370280351486)
(0.054947882665024927,-0.017473962043318064)
(0.054859563589367957,-0.018075504176422872)
(0.054765871302719746,-0.018691214152945616)
(0.054666522614965768,-0.019321307936478051)
(0.054561221553172404,-0.019965999348613803)
(0.054449658983047343,-0.020625499380949115)
(0.054331512245673313,-0.02130001544721366)
(0.054206444813647926,-0.021989750571023439)
(0.054074105971155244,-0.022694902504426684)
(0.053934130522931389,-0.023415662772063563)
(0.053786138537512122,-0.024152215635411187)
(0.053629735130618708,-0.024904736971233861)
(0.053464510295010301,-0.025673393058009013)
(0.0532900387836076,-0.026458339263766749)
(0.053105880053227021,-0.027259718628468672)
(0.052911578276753995,-0.02807766033377555)
(0.052706662432152017,-0.028912278052825147)
(0.052490646477249429,-0.029763668172471228)
(0.052263029619807805,-0.030631907880348263)
(0.05202329669298731,-0.031517053109119113)
(0.05177091864689308,-0.032419136330391951)
(0.051505353167519037,-0.033338164191011856)
(0.05122604543500324,-0.034274114984849627)
(0.050932429033718099,-0.035226935953747172)
(0.050623927027320659,-0.036196540412034565)
(0.050299953212443828,-0.037182804689987838)
(0.049959913565248752,-0.038185564892767525)
(0.049603207895505416,-0.039204613472809874)
(0.049229231723259548,-0.040239695615314749)
(0.048837378393382064,-0.04129050543844745)
(0.048427041443417168,-0.04235668201211832)
(0.047997617240040522,-0.043437805201757947)
(0.047548507899123224,-0.044533391346380888)
(0.0470791245037687,-0.045642888783420023)
(0.046588890633737702,-0.046765673236308571)
(0.046077246218298583,-0.047901043084616755)
(0.0455436517227156,-0.049048214540678155)
(0.044987592676208471,-0.050206316761018888)
(0.044408584546260926,-0.051374386925576984)
(0.043806177960511936,-0.052551365322544903)
(0.043179964273129812,-0.05373609048165822)
(0.042529581467438321,-0.054927294403832851)
(0.041854720380638401,-0.0561235979400906)
(0.041155131229734972,-0.057323506377615345)
(0.040430630410178928,-0.058525405295423646)
(0.039681107530418834,-0.059727556756352669)
(0.038906532636448853,-0.060928095905700939)
(0.038106963570800116,-0.062125028049720546)
(0.03728255340027458,-0.063316226289108588)
(0.036433557836372213,-0.064499429783410583)
(0.035560342562002939,-0.065672242721765556)
(0.034663390368037901,-0.066832134073465985)
(0.033743307993895848,-0.067976438188283986)
(0.032800832558025336,-0.069102356311403407)
(0.031836837457302113,-0.070206959071063182)
(0.030852337609369628,-0.071287189988786442)
(0.029848493909265555,-0.072339870052570046)
(0.028826616771672024,-0.073361703382919294)
(0.027788168633176454,-0.074349284010648969)
(0.026734765295396017,-0.07529910377454635)
(0.025668176000068252,-0.076207561336993329)
(0.024590322141709076,-0.077070972307430374)
(0.023503274542778882,-0.077885580457936671)
(0.02240924924135888,-0.078647570013120463)
(0.021310601773269364,-0.079353078998608786)
(0.020209819970835947,-0.079998213638940788)
(0.019109515350634019,-0.080579063806285128)
(0.0180124132236389,-0.081091719534971199)
(0.016921341733078972,-0.081532288631226621)
(0.01583922010515159,-0.081896915420111321)
(0.014769046478613431,-0.082181800679143505)
(0.013713885748205458,-0.082383222808082288)
(0.012676857893885731,-0.082497560275540713)
(0.011661127245750136,-0.082521315367318243)
(0.010669893021038572,-0.08245113924379191)
(0.0097063812322695387,-0.082283858303411825)
(0.0087738376798496553,-0.082016501857897495)
(0.0078755212030277716,-0.081646331163533023)
(0.0070146956957992833,-0.081170869928942083)
(0.006194618667465626,-0.080587936530213067)
(0.0054185234563732965,-0.079895678292320305)
(0.0046895917473423346,-0.079092608307782572)
(0.0040109129788631348,-0.078177645311060515)
(0.0033854277248399163,-0.077150157054453772)
(0.0028158533108314076,-0.076010007388070441)
(0.0023045917857598564,-0.074757606804665075)
(0.0018536227856623115,-0.073393965579493251)
(0.0014643865138395324,-0.071920747872720445)
(0.0011376646151336368,-0.07034032436957792)
(0.0008734686763898227,-0.068655820343012819)
(0.00067094701144471895,-0.066871155568589719)
(0.00052831999288761389,-0.064991072404534861)
(0.00044285239201213866,-0.063021148614870903)
(0.00041086814844048175,-0.060967792130988158)
(0.00042780911461762238,-0.058838215819207097)
(0.00048833519592583199,-0.056640391309257299)
(0.00058645962435245863,-0.054382981901242869)
(0.00071571053572662608,-0.052075255414564765)
(0.00086930906160651369,-0.049726978567298387)
(0.0010403549095185094,-0.047348295175369794)
(0.0012220124349612976,-0.044949591301877853)
(0.0014076924414016658,-0.042541351608780663)
(0.0015912259639416723,-0.040134012545979501)
(0.0017670249554368751,-0.037737819344196163)
(0.0019302210595554075,-0.035362694417130532)
(0.0020767691581577534,-0.033018123921739154)
(0.0022035001980764699,-0.030713066345962829)
(0.002308111212583014,-0.028455882495041489)
(0.0023890911479193338,-0.026254281991101143)
(0.0024455977323878443,-0.024115280382361548)
(0.0024773181816386894,-0.022045165477319495)
(0.0024843567766319736,-0.020049480302722862)
(0.0024671861304480553,-0.018133036853686495)
(0.0024266720121535416,-0.016299971516898944)
(0.0023641420480969367,-0.014553837603204172)
(0.0022814380724891638,-0.012897711983317947)
(0.0021808926380829049,-0.011334286351504429)
(0.0020652054452775306,-0.0098659257635843982)
(0.0019372429476225315,-0.0084946980198646275)
(0.0017998142623381322,-0.0072223902770798621)
(0.0016554775350512692,-0.0060505262309412545)
(0.0015064130459279677,-0.0049803822787914632)
(0.0013543667358169428,-0.0040129916146836725)
(0.0012006325827926814,-0.0031491489358970517)
(0.001046059966457552,-0.0023894408936440338)
(0.00089112314475237877,-0.0017342738707538622)
(0.00073605531134261532,-0.0011838806358792236)
(0.00058097417777292491,-0.00073834812338318474)
(0.00042594799848529985,-0.00039767436648970164)
(0.00027102414318373589,-0.00016182175102965929)
(0.0001164099400712155,-3.0716432288966967e-05)
