(0.0496922615216013,0.0000000000000000)
(0.0496922615080342,-0.0000016014883369)
(0.0496922611448802,-0.0000084390103648)
(0.0496922592453935,-0.0000207437617762)
(0.0496922536708488,-0.0000385245163367)
(0.0496922413250087,-0.0000617903402137)
(0.0496922181465321,-0.0000905527390146)
(0.0496921790990076,-0.0001248258651777)
(0.0496921181585945,-0.0001646265628506)
(0.0496920282992474,-0.0002099743865498)
(0.0496919014754856,-0.0002608916144757)
(0.0496917286026740,-0.0003174032610810)
(0.0496914995347658,-0.0003795370901504)
(0.0496912030394613,-0.0004473236287792)
(0.0496908267707234,-0.0005207961823615)
(0.0496903572385926,-0.0005999908505972)
(0.0496897797762326,-0.0006849465444833)
(0.0496890785041352,-0.0007757050042304)
(0.0496882362914083,-0.0008723108180326)
(0.0496872347140638,-0.0009748114416052)
(0.0496860540102168,-0.0010832572183943)
(0.0496846730321055,-0.0011977014003538)
(0.0496830691948304,-0.0013182001691723)
(0.0496812184217122,-0.0014448126578240)
(0.0496790950861602,-0.0015776009723047)
(0.0496766719499375,-0.0017166302134029)
(0.0496739200977071,-0.0018619684983444)
(0.0496708088677387,-0.0020136869821332)
(0.0496673057786506,-0.0021718598784018)
(0.0496633764520593,-0.0023365644795647)
(0.0496589845310084,-0.0025078811760599)
(0.0496540915940412,-0.0026858934744424)
(0.0496486570647868,-0.0028706880140805)
(0.0496426381169226,-0.0030623545821900)
(0.0496359895743815,-0.0032609861269229)
(0.0496286638066702,-0.0034666787682092)
(0.0496206106191700,-0.0036795318060383)
(0.0496117771382937,-0.0038996477258414)
(0.0496021076913784,-0.0041271322006264)
(0.0495915436812032,-0.0043620940894953)
(0.0495800234550263,-0.0046046454321587)
(0.0495674821680518,-0.0048549014390476)
(0.0495538516412466,-0.0051129804766052)
(0.0495390602134469,-0.0053790040473292)
(0.0495230325877123,-0.0056530967641239)
(0.0495056896719066,-0.0059353863185070)
(0.0494869484135148,-0.0062260034422111)
(0.0494667216287297,-0.0065250818617131)
(0.0494449178258793,-0.0068327582452183)
(0.0494214410233039,-0.0071491721416295)
(0.0493961905618309,-0.0074744659110312)
(0.0493690609120486,-0.0078087846462277)
(0.0493399414766239,-0.0081522760848813)
(0.0493087163879753,-0.0085050905118150)
(0.0492752643016659,-0.0088673806510582)
(0.0492394581859558,-0.0092393015472405)
(0.0492011651080196,-0.0096210104359635)
(0.0491602460174157,-0.0100126666028104)
(0.0491165555274742,-0.0104144312306903)
(0.0490699416953551,-0.0108264672352492)
(0.0490202458016192,-0.0112489390881202)
(0.0489673021302430,-0.0116820126278264)
(0.0489109377501065,-0.0121258548581920)
(0.0488509722990704,-0.0125806337341570)
(0.0487872177718580,-0.0130465179349285)
(0.0487194783130439,-0.0135236766244349)
(0.0486475500165384,-0.0140122791990747)
(0.0485712207330379,-0.0145124950227707)
(0.0484902698869830,-0.0150244931493439)
(0.0484044683046271,-0.0155484420322141)
(0.0483135780548708,-0.0160845092214089)
(0.0482173523045512,-0.0166328610478166)
(0.0481155351898950,-0.0171936622945522)
(0.0480078617058467,-0.0177670758552106)
(0.0478940576149663,-0.0183532623786646)
(0.0477738393775522,-0.0189523798999096)
(0.0476469141045885,-0.0195645834562811)
(0.0475129795350372,-0.0201900246881497)
(0.0473717240388978,-0.0208288514229560)
(0.0472228266473443,-0.0214812072411556)
(0.0470659571111157,-0.0221472310223326)
(0.0469007759881983,-0.0228270564693800)
(0.0467269347616894,-0.0235208116082584)
(0.0465440759885782,-0.0242286182604212)
(0.0463518334800398,-0.0249505914845369)
(0.0461498325136980,-0.0256868389836480)
(0.0459376900782033,-0.0264374604733830)
(0.0457150151503813,-0.0272025470062777)
(0.0454814090051590,-0.0279821802466705)
(0.0452364655584763,-0.0287764316899998)
(0.0449797717434455,-0.0295853618196606)
(0.0447109079201505,-0.0304090191938552)
(0.0444294483196921,-0.0312474394541044)
(0.0441349615233986,-0.0321006442462556)
(0.0438270109785485,-0.0329686400439435)
(0.0435051555525170,-0.0338514168635035)
(0.0431689501279744,-0.0347489468583306)
(0.0428179462426566,-0.0356611827795948)
(0.0424516927783198,-0.0365880562891010)
(0.0420697367048040,-0.0375294761089075)
(0.0416716238866873,-0.0384853259911352)
(0.0412568999618389,-0.0394554624902262)
(0.0408251113032909,-0.0404397125188015)
(0.0403758060782517,-0.0414378706672695)
(0.0399085354208011,-0.0424496962665253)
(0.0394228547378050,-0.0434749101725413)
(0.0389183251708690,-0.0445131912514641)
(0.0383945152406548,-0.0455641725441345)
(0.0378510027035630,-0.0466274370898287)
(0.0372873766545428,-0.0477025133906282)
(0.0367032399135151,-0.0487888705002792)
(0.0360982117364438,-0.0498859127248437)
(0.0354719308952793,-0.0509929739269847)
(0.0348240591736351,-0.0521093114314997)
(0.0341542853268833,-0.0532340995368048)
(0.0334623295561301,-0.0543664226455632)
(0.0327479485449408,-0.0555052680375894)
(0.0320109411054384,-0.0566495183195649)
(0.0312511544761738,-0.0577979435989353)
(0.0304684913076278,-0.0589491934435680)
(0.0296629173620608,-0.0601017887041927)
(0.0288344699423643,-0.0612541132931633)
(0.0279832670493496,-0.0624044060304337)
(0.0271095172483392,-0.0635507526855323)
(0.0262135302039125,-0.0646910783624277)
(0.0252957278162281,-0.0658231403920827)
(0.0243566558637446,-0.0669445219147750)
(0.0233969960258585,-0.0680526263504230)
(0.0224175781258395,-0.0691446729696766)
(0.0214193924007800,-0.0702176937908601)
(0.0204036015730105,-0.0712685320372940)
(0.0193715524691822,-0.0722938423953583)
(0.0183247869123476,-0.0732900933148453)
(0.0172650516029188,-0.0742535715884496)
(0.0161943067107307,-0.0751803894349374)
(0.0151147329267317,-0.0760664942885466)
(0.0140287367719231,-0.0769076814630203)
(0.0129389540332389,-0.0776996098098706)
(0.0118482512868127,-0.0784378204249963)
(0.0107597255679722,-0.0791177583749844)
(0.0096767023361482,-0.0797347973161016)
(0.0086027319355351,-0.0802842667704567)
(0.0075415847362480,-0.0807614817147928)
(0.0064972450210636,-0.0811617740420310)
(0.0054739034295882,-0.0814805253915602)
(0.0044759473694261,-0.0817132008297625)
(0.0035079482629555,-0.0818553829125780)
(0.0025746438650569,-0.0819028057841215)
(0.0016809132500549,-0.0818513891535361)
(0.0008317415537309,-0.0816972722242533)
(0.0000321713236444,-0.0814368478872832)
(-0.0007127624660260,-0.0810667976833352)
(-0.0013981159202225,-0.0805841281358388)
(-0.0020191390758034,-0.0799862090180690)
(-0.0025713970345967,-0.0792708139273276)
(-0.0030509060714772,-0.0784361632168639)
(-0.0034542791277765,-0.0774809689369674)
(-0.0037788731314130,-0.0764044810411556)
(-0.0040229292827116,-0.0752065338079486)
(-0.0041856970680059,-0.0738875912805457)
(-0.0042675334124904,-0.0724487905626079)
(-0.0042699699720394,-0.0708919820049545)
(-0.0041957438314656,-0.0692197656071961)
(-0.0040487894498205,-0.0674355232448058)
(-0.0038341921625044,-0.0655434465142688)
(-0.0035581055540727,-0.0635485599733550)
(-0.0032276363190957,-0.0614567392600919)
(-0.0028507007926627,-0.0592747229391248)
(-0.0024358573735959,-0.0570101159232060)
(-0.0019921190599097,-0.0546713810242952)
(-0.0015287508865392,-0.0522678138677148)
(-0.0010550586551516,-0.0498094955784670)
(-0.0005801778260021,-0.0473072180427522)
(-0.0001128737147121,-0.0447723787786579)
(0.0003386356596820,-0.0422168465273024)
(0.0007668262669487,-0.0396528035751626)
(0.0011649836932601,-0.0370925746230657)
(0.0015272950050965,-0.0345484529104554)
(0.0018489276000468,-0.0320325319587974)
(0.0021261005180827,-0.0295565473949940)
(0.0023561404023206,-0.0271317301937547)
(0.0025375011134424,-0.0247686713333987)
(0.0026697264525690,-0.0224771985194862)
(0.0027533599263943,-0.0202662710092097)
(0.0027898463955552,-0.0181439121058676)
(0.0027814924383077,-0.0161172123107778)
(0.0027315121242847,-0.0141924235410835)
(0.0026440867886133,-0.0123751125271323)
(0.0025242942428786,-0.0106702900464423)
(0.0023778067447722,-0.0090824478328857)
(0.0022104028347011,-0.0076155125105767)
(0.0020274604853527,-0.0062727788498087)
(0.0018335865344613,-0.0050568704333190)
(0.0016324210903833,-0.0039697611115659)
(0.0014265982755971,-0.0030128709934489)
(0.0012178730205550,-0.0021871696521688)
(0.0010073721671133,-0.0014932435538613)
(0.0007958376629875,-0.0009313802934532)
(0.0005837757385445,-0.0005016809848073)
(0.0003715378731058,-0.0002041579626175)
